d:0.16483516483516483
f:0.1978021978021978
j:0.21978021978021978
n:0.27472527472527475
s:0.14285714285714285
